allreflectance = [450	0.431011748551961	0.434264236322549	0.495242577186275	0.427013052726798	0.292964151295752	0.360035928633007	0.412401863010131	0.412749212121895	0.37728288479183
455	0.444946380913305	0.435930373562045	0.477554565455182	0.375662566627358	0.291561949771242	0.32683761909169	0.396765136255229	0.413265900866993	0.373191948727404
460	0.455430799365632	0.438990488440358	0.465226201780005	0.33508375880469	0.291200997291227	0.300702587542347	0.383049319916724	0.414937359790447	0.367793408061384
465	0.462837162790541	0.442987218094742	0.457423145892265	0.304249545394039	0.291703575694822	0.280934496211348	0.371186463887402	0.417347770826898	0.361490377497515
470	0.467537630069629	0.447463199662454	0.453311057523486	0.282132842530647	0.292891966821141	0.266837007325063	0.361108618060048	0.420081315910985	0.354685971739543
475	0.469904360084497	0.451961070280748	0.452055596405193	0.267706566349759	0.294588452509301	0.257713783109861	0.352747832327447	0.42272217697735	0.347783305491213
480	0.470309511716742	0.456023467086878	0.452822422268908	0.259943632986619	0.296615314598416	0.252868485792114	0.346036156582385	0.424854535960633	0.34118549345627
485	0.469125243847964	0.4591930272181	0.454777194846154	0.257816958576471	0.298794834927602	0.25160477759819	0.340905640717647	0.426062574795475	0.335295650338462
490	0.466618808633484	0.460766759086878	0.457269582432579	0.261053291100453	0.301391001284163	0.253182696991855	0.337304422039819	0.424792807600905	0.331344137420814
495	0.463282054786425	0.45891513399638	0.457892298480543	0.267318359308597	0.30254581118733	0.25676996960181	0.335247109253394	0.420819686225339	0.329550988251584
500	0.459721935075113	0.454371204692308	0.456133966144796	0.275194920735747	0.30312037179457	0.261030974809955	0.334631209926697	0.414772333832579	0.329598613944796
505	0.456707566933032	0.448622348543891	0.451634272637104	0.283567874917647	0.303372860121267	0.266846099660633	0.335799831692308	0.407841388232579	0.331045775649774
510	0.454123671516742	0.441759798723077	0.445779028386425	0.291397554024434	0.303954413511312	0.27338638161086	0.338063125366516	0.40048426798371	0.33384783478914
515	0.451998488481448	0.435507649493213	0.439891412277828	0.298220817170136	0.305697077664253	0.279712488658823	0.340475794880543	0.3939422687819	0.337275509819909
520	0.450538607723982	0.430912849691403	0.434174270506787	0.304829168421719	0.30849431500724	0.285725160877828	0.343238854844344	0.388831917222624	0.340885389077828
525	0.449921725327602	0.428173872503167	0.428061050349321	0.310609071696833	0.312792881485973	0.292695123435294	0.346966748737557	0.385809133920362	0.343856116318552
530	0.450367548089593	0.427425871638914	0.423408038624434	0.315155967573756	0.318425043169231	0.298927946619004	0.350662966855204	0.385299671442534	0.345960232574661
535	0.450896139342986	0.427825551535747	0.421438483554751	0.318807688866968	0.32450381341086	0.304647157281448	0.353876689847059	0.38648399260543	0.347891770863348
540	0.45119632497647	0.429126544876923	0.420024634242534	0.32335390037647	0.330186309921267	0.311167588033484	0.357287306247964	0.388107814528507	0.348890609752941
545	0.450634574937556	0.430134352446154	0.419627371560181	0.328384163830769	0.335114322080543	0.317691608513122	0.359924282118552	0.390234618540271	0.349991542760181
550	0.450082115439819	0.432188852244344	0.420952981826244	0.334664761567421	0.340426803716742	0.323440557247964	0.362538586069683	0.392974346847964	0.35079915379095
555	0.449307576149321	0.433787309126697	0.423603788926697	0.341742336912217	0.344953860048869	0.328694865503167	0.365180157339366	0.395839434278733	0.35222705217647
560	0.448155199455204	0.434978316276018	0.426460864525792	0.348740878172851	0.348906578922172	0.3344927496	0.367320917697738	0.396784181574661	0.353944438910407
565	0.446882889487783	0.435658094066063	0.428520357887783	0.354963205965611	0.351684532934842	0.33904470937828	0.368766666054298	0.397722053902262	0.355873247875113
570	0.4457146151819	0.436104909669683	0.429528969728507	0.359447847161086	0.353395967666968	0.342216156588235	0.36977682640362	0.398269849626244	0.357352162870588
575	0.445501827512217	0.436909281630769	0.429669407793665	0.362737621650679	0.354182605335747	0.345557431415385	0.371043746859728	0.398952541247059	0.358813406576471
580	0.44555916618552	0.4371310943819	0.429883535099547	0.3646916098181	0.35412935479276	0.347904985131222	0.371732508704977	0.399009506366516	0.360245413348416
585	0.445877854452489	0.437267439472398	0.429864795481448	0.365435524019909	0.353615900235294	0.3487252134	0.371599131917647	0.398739911482353	0.360980721038914
590	0.446217158830769	0.436954332019004	0.429166963652489	0.365020108228054	0.352529358609955	0.348375134973756	0.371073310512217	0.398053829837104	0.361131394
595	0.446406694676923	0.436876667688688	0.428335205130317	0.363780812017195	0.351415574567421	0.347363967950226	0.369999231947511	0.397472707871493	0.360732282142081
600	0.447222456083258	0.437254739648869	0.428056087562896	0.362673218618099	0.350642923351131	0.346270739557466	0.369085449917647	0.396941069861538	0.360018269502262
605	0.447856607422624	0.437689669295023	0.428135822739366	0.362798847368326	0.350313908573756	0.346202839838009	0.368913570030769	0.396519726684163	0.360097352667873
610	0.448216727073303	0.438234716283258	0.427991542634389	0.363960804628054	0.350628089190045	0.34750546938009	0.369471949469683	0.395575727076923	0.360306054021719
615	0.448845633095928	0.43914192800724	0.428082404080543	0.365549203476018	0.351905474495023	0.349569002716742	0.370977830244344	0.394921753248869	0.360979614545701
620	0.450261957138461	0.4407485101819	0.429115853087783	0.36868458759819	0.354337542238009	0.353068591058824	0.373617083845249	0.395129122861538	0.362637016467873
625	0.452924287867873	0.443034429061538	0.430814017064253	0.373577019956561	0.357735525912217	0.357961010710407	0.377816968028959	0.39654126138733	0.365468246680543
630	0.456442069639819	0.445964682889593	0.433702837757466	0.379273690949321	0.362053385554751	0.363877870046154	0.382870028969231	0.398515732953846	0.36922350760543
635	0.460853756529412	0.449663017747511	0.437275489773756	0.384873544111312	0.366670314957466	0.369558733213575	0.388082017710407	0.401606036485973	0.373210044350226
640	0.465893372125792	0.454081809848869	0.441947148279638	0.390419337993665	0.371356748487783	0.375429982456109	0.393605401671493	0.405374410360181	0.377645646709502
645	0.471643462800905	0.459296423044344	0.447397240948416	0.396365316828959	0.37606432438009	0.381531905500452	0.399544883561086	0.409807366894118	0.382501011330317
650	0.47733815539095	0.464409145819909	0.453039669941176	0.401841674904977	0.380335018066968	0.387312689874208	0.405005988740271	0.41380507158914	0.3868639073819
655	0.482011388199095	0.469016469260633	0.457884764691403	0.406579757730317	0.384214830843439	0.392056230056109	0.409690167657013	0.417211201246154	0.390439971295023
660	0.485332596350226	0.472700692342986	0.461553350828959	0.410156211321267	0.38725027979457	0.395478819028959	0.413025784263348	0.419812792766516	0.392910333123077
665	0.487489574501357	0.475445351027149	0.46409451279457	0.412844771167421	0.389718434094118	0.398154228289593	0.41555786518009	0.421435122113122	0.394534056374661
670	0.488718437471493	0.477135240953846	0.465567515759276	0.415445937516742	0.391780548332127	0.400293087227149	0.417383448886878	0.422209964002715	0.395707692900452
675	0.48847893059457	0.477756384311312	0.465786380480543	0.418180625286878	0.393635385984615	0.402045184365611	0.418880204028959	0.422541698402715	0.396761675243439
680	0.487253749568326	0.477198202038009	0.465291956824434	0.421097582765611	0.395322492686878	0.403559838885068	0.41973153361629	0.422199896831674	0.397561928465158
685	0.485430790323982	0.476100308552941	0.464169148733032	0.423807492073303	0.396785734898642	0.404808452083258	0.42004369900543	0.421597481489593	0.398321640572851
