%%N68_D10_VNIS_REFF3	N69_D10_VNIS_REFF3	N70_D10_VNIS_REFF3	N71_D10_VNIS_REFF3	N72_D10_VNIS_REFF3	N73_D10_VNIS_REFF3	N74_D10_VNIS_REFF3	N75_D10_VNIS_REFF3	N76_D10_VNIS_REFF3	N77_D10_VNIS_REFF3	N78_D10_VNIS_REFF3	N79_D10_VNIS_REFF3	N80_D10_VNIS_REFF3	N81_D10_VNIS_REFF3	N82_D10_VNIS_REFF3	N83_D10_VNIS_REFF3	N84_D10_VNIS_REFF3	N85_D10_VNIS_REFF3	N86_D10_VNIS_REFF3	N87_D10_VNIS_REFF3	N88_D10_VNIS_REFF3	N89_D10_VNIS_REFF3	N90_D10_VNIS_REFF3
allreflectance=[0.0497193	0.05044	0.0576489	0.0559081	0.0548883	0.0571117	0.0563367	0.0544314	0.0561658	0.0578797	0.0570379	0.0430074	0.0459266	0.0442081	0.0434762	0.0435985	0.0487027	0.0489447	0.049563	0.0481971	0.0482512	0.0471368	0.0534975
0.0478457	0.0416125	0.0484901	0.0491799	0.0486256	0.0523189	0.0521172	0.0528926	0.052722	0.0560419	0.054681	0.0426284	0.0420589	0.0428643	0.0415494	0.0423846	0.0443111	0.044738	0.0447958	0.0448309	0.0460028	0.0451525	0.0491396
0.0440528	0.0433197	0.0497436	0.0502646	0.0508972	0.0521162	0.0514351	0.0517298	0.0515213	0.0553404	0.053575	0.0414185	0.0419462	0.0413322	0.0402116	0.0412905	0.0443103	0.0449865	0.0435058	0.0427334	0.0451754	0.0437715	0.0501912
0.047989	0.0457726	0.05301	0.0527787	0.0526898	0.0546325	0.0540549	0.0538318	0.0539946	0.0557016	0.0533306	0.0433639	0.0409679	0.0415879	0.0419134	0.0410646	0.044633	0.046124	0.044691	0.0439201	0.0452944	0.0454366	0.0520243
0.0429669	0.0422046	0.0495139	0.0508723	0.0511728	0.0521301	0.0514914	0.0538334	0.0554113	0.0550818	0.0550365	0.0426831	0.0426903	0.0423047	0.043005	0.0424293	0.0447698	0.0457767	0.0442157	0.045026	0.0464192	0.0460159	0.0506462
0.0443818	0.0419842	0.0486806	0.0499199	0.0517373	0.0511878	0.050598	0.0528177	0.0526491	0.0540461	0.05322	0.0425666	0.040372	0.0409978	0.0401016	0.0399008	0.0443558	0.0433519	0.0447442	0.0438759	0.0439064	0.0428963	0.0515001
0.0461222	0.0441163	0.0520443	0.0515529	0.0528628	0.0534768	0.0532922	0.0541665	0.0542175	0.0551244	0.0535151	0.0408541	0.0412653	0.0387112	0.0383615	0.0395253	0.0446316	0.0459969	0.0454796	0.0455883	0.0448505	0.0443133	0.0510619
0.0460218	0.0448786	0.0507249	0.0524487	0.0510022	0.0534451	0.0523027	0.0555523	0.0534733	0.0547249	0.0524895	0.0416424	0.0420363	0.0399063	0.0412083	0.0403729	0.0449595	0.0453919	0.0451727	0.0453503	0.0454147	0.0453728	0.0532265
0.0485199	0.0462958	0.0535634	0.0517479	0.0541242	0.0549897	0.0535866	0.0556394	0.0549755	0.0567222	0.0547826	0.0427052	0.0422783	0.0416807	0.0410846	0.0415018	0.0476742	0.046717	0.045441	0.0454977	0.046799	0.0456685	0.0503103
0.0477149	0.0493117	0.058786	0.0560292	0.0550403	0.0583101	0.0581118	0.0576224	0.0575194	0.0579056	0.0554524	0.0432612	0.0442084	0.0441024	0.0416106	0.043238	0.0475842	0.0467803	0.049024	0.0465707	0.0494346	0.0479114	0.0529584
0.0492744	0.0507417	0.0541149	0.0520496	0.0541143	0.0564484	0.057083	0.0570167	0.0578893	0.0602804	0.0572329	0.0451474	0.046064	0.0454719	0.0441048	0.0442794	0.048965	0.0486519	0.048258	0.0466342	0.0495932	0.0478503	0.0530974
0.0483157	0.0486131	0.0560732	0.0561049	0.0548344	0.058123	0.0575983	0.0581421	0.0586887	0.0604635	0.0576979	0.046093	0.0456032	0.0442108	0.0450837	0.0445786	0.0492683	0.049065	0.0486084	0.0474024	0.0494916	0.0471705	0.0549333
0.0527483	0.0519359	0.0593638	0.0595092	0.0590323	0.0616214	0.0605863	0.0602372	0.0611825	0.0633106	0.0609669	0.0466723	0.046565	0.0448955	0.046146	0.0456977	0.0522321	0.0514854	0.0492033	0.0501398	0.0508506	0.0498588	0.054744
0.0505745	0.0524284	0.0577666	0.0601717	0.0566342	0.0605628	0.0624418	0.0621238	0.0625627	0.0643221	0.0605864	0.0473725	0.0497325	0.0475361	0.0476711	0.0482947	0.0493219	0.0526317	0.0524468	0.0493049	0.0515381	0.0508518	0.057169
0.0502325	0.0516061	0.055122	0.0551302	0.0564734	0.0575748	0.0584883	0.0592413	0.0617765	0.0648066	0.0607857	0.0494376	0.0496924	0.0488604	0.047989	0.0480726	0.0508897	0.0527808	0.0511998	0.0504569	0.0524079	0.0513816	0.0567195
0.0537653	0.0528851	0.0599669	0.0583357	0.0609739	0.0612356	0.0626577	0.061481	0.0640542	0.0645205	0.0601516	0.0487454	0.0500924	0.047213	0.0456242	0.0472398	0.0523787	0.0527636	0.051689	0.051961	0.0527743	0.0515556	0.0594104
0.0528206	0.0509246	0.0612854	0.0598451	0.0580624	0.0649455	0.061284	0.0642137	0.063622	0.0638812	0.0626566	0.0480976	0.0502971	0.0495333	0.0489319	0.0485429	0.0521025	0.0533725	0.0540053	0.0526388	0.0531165	0.0536322	0.0605474
0.0534965	0.0521996	0.058342	0.0601315	0.0602402	0.0627077	0.0635559	0.0641509	0.0650841	0.0656423	0.0641902	0.0493585	0.0503575	0.049462	0.0486755	0.0501518	0.0525291	0.0543356	0.0531551	0.0530886	0.0541341	0.0542517	0.0582274
0.0576603	0.0550263	0.0626655	0.0608029	0.0611679	0.0626119	0.0652358	0.065323	0.0657008	0.0657208	0.0634412	0.0496974	0.0502227	0.0491009	0.0484614	0.0490008	0.0537328	0.0550182	0.0539196	0.0529434	0.0543546	0.0545319	0.0627802
0.05532	0.054209	0.0631158	0.0635935	0.0627263	0.0663219	0.067585	0.0663619	0.0665954	0.0684999	0.0639748	0.0509853	0.050799	0.0498698	0.0496268	0.0475845	0.0543312	0.0553607	0.0546186	0.0541129	0.055367	0.0535702	0.0627848
0.0599686	0.0572127	0.0642745	0.0633398	0.0643931	0.0678605	0.064799	0.0673223	0.0665873	0.069719	0.0654562	0.0505869	0.0532153	0.0519182	0.0508599	0.0508596	0.0563284	0.0569604	0.0560424	0.0562745	0.056278	0.0561245	0.0641287
0.0553012	0.0553914	0.0594765	0.0602755	0.0622046	0.0646384	0.0656349	0.066885	0.0657381	0.0684255	0.0666032	0.0524108	0.053073	0.0536592	0.0514581	0.0511676	0.0573073	0.0566436	0.0553031	0.0563454	0.0570613	0.0561859	0.0641524
0.059369	0.0578869	0.0622294	0.0629371	0.062084	0.0664739	0.0668959	0.0676525	0.0672739	0.0694798	0.0660456	0.0520936	0.0537788	0.0518911	0.0516717	0.0524784	0.0567955	0.0580327	0.056842	0.0570861	0.0570948	0.0568587	0.0657966
0.0607498	0.061599	0.0663297	0.0664837	0.0665828	0.0693659	0.0688152	0.0691254	0.0698686	0.0697821	0.0678355	0.0547662	0.0531684	0.0539044	0.0522452	0.052122	0.0586983	0.0596047	0.0580294	0.0584864	0.0587504	0.0577256	0.0667048
0.0620663	0.0600607	0.0668843	0.0671716	0.0674886	0.069482	0.0697323	0.071329	0.0703194	0.0708536	0.0691728	0.0556595	0.0551777	0.0545162	0.0536971	0.0537525	0.0609831	0.061013	0.060052	0.0603018	0.0601086	0.0593251	0.0696255
0.0618748	0.0626026	0.0657098	0.0649377	0.0658966	0.0693499	0.0694839	0.0715016	0.0715142	0.0738812	0.0712846	0.0557577	0.0573848	0.0557451	0.055903	0.054212	0.0605595	0.0611191	0.0608845	0.0607449	0.0618085	0.0607348	0.0689805
0.0614034	0.0616819	0.0640237	0.0628425	0.0656226	0.0672112	0.0696169	0.0705629	0.0715511	0.0729406	0.0707922	0.0553579	0.056879	0.0550006	0.0559629	0.0551977	0.0593259	0.0611208	0.0597958	0.0590652	0.0615311	0.0598992	0.0661821
0.0648323	0.0637127	0.0678993	0.0663018	0.0684967	0.0701189	0.0704346	0.0719269	0.0711757	0.0732066	0.070182	0.0555359	0.0560218	0.0544043	0.0552118	0.0539749	0.0607297	0.0619322	0.0618981	0.0607547	0.061885	0.0611259	0.0703174
0.065032	0.0635628	0.0703512	0.0688553	0.0701861	0.0723136	0.0726987	0.0727457	0.0727009	0.073508	0.0720496	0.0575638	0.0577665	0.055105	0.0555995	0.0563827	0.0617676	0.0615765	0.0610735	0.0614312	0.0619946	0.0609406	0.0697171
0.0635825	0.0650749	0.0693823	0.0680565	0.0684596	0.0724237	0.0713643	0.0738559	0.0736457	0.0755119	0.0720899	0.058872	0.0585187	0.0557403	0.0566461	0.0567883	0.0626986	0.0634568	0.0616051	0.0622417	0.0627675	0.0632239	0.0709966
0.0647302	0.0620318	0.0689355	0.0683006	0.0695737	0.0730927	0.0715141	0.0740586	0.0746324	0.0763099	0.0737394	0.0587551	0.0590682	0.0572608	0.0576727	0.0567204	0.0627956	0.0633269	0.0626638	0.0630639	0.0635036	0.0631467	0.0688777
0.0675435	0.0649929	0.0709325	0.0690166	0.0713145	0.0731073	0.0743538	0.0756875	0.0751292	0.0771795	0.0740807	0.0584534	0.0587402	0.0575978	0.0576577	0.0571483	0.0626481	0.0641371	0.0631251	0.0637409	0.0637402	0.063368	0.0701566
0.0670799	0.0647879	0.0742287	0.0722814	0.0733562	0.0753666	0.0740566	0.075044	0.0759854	0.0772028	0.0732837	0.0585558	0.0593311	0.058208	0.0573677	0.0574033	0.0634497	0.0637992	0.0631543	0.0622343	0.0629537	0.0626308	0.0718766
